9370
8331
1171
3000
3311
7317
774
5874
570
7640
1514
7107
8762
5489
2988
4989
5531
7942
3134
2902
8910
4248
9789
4407
6191
4341
7876
7926
1316
9967
9649
3006
1151
8553
5776
2381
8025
82
4766
6653
5963
896
5856
8174
5467
152
2467
3081
5873
2569
7365
3562
8105
284
5257
3195
6818
6584
3495
1227
9390
1534
2842
8295
4776
8382
3563
1989
3208
8027
4734
2098
2967
2504
2079
1436
1338
2328
817
8660
3604
2545
9870
8837
5623
5528
7052
4019
5837
5850
7733
4087
909
5531
652
9332
9781
1499
3440
4206
3633
377
3039
3280
9263
8969
6531
8001
1326
1113
1818
9817
8388
4559
1447
4130
8097
8049
3271
6122
8243
9712
5481
9302
4403
4212
2896
6442
143
2345
8088
4803
2480
4545
5259
9108
5468
131
6976
594
2222
9396
8293
9352
9259
3996
88
7857
4189
8651
8804
5430
7378
2354
8089
8893
338
1781
7507
9100
9034
7926
2185
4862
9891
8913
1287
9854
7110
7473
7059
8662
5819
3257
5070
4783
9538
3428
8016
440
2992
961
2638
7885
526
6035
5163
6154
7825
4953
8305
6120
8416
9868
883
9662
3608
8227
7562
9705
6165
9519
3596
39
812
8776
213
9693
172
927
2569
9631
6386
3585
9929
3250
5064
21
6113
6032
1094
3922
4937
4678
4493
8317
5473
4012
7964
8965
4732
9561
8661
4384
7982
6010
3880
395
8801
856
4283
4040
2326
115
2583
4074
131
3219
4135
9114
4516
9767
2007
6286
5218
3869
4196
7720
7051
2342
4832
5444
4972
5966
6886
4714
4430
5373
5723
6045
7301
5670
8022
8607
2903
7772
6871
7870
8478
624
9031
9473
8808
892
6585
346
3113
6746
7765
2239
9954
5151
2478
9091
9995
9342
1684
8670
282
938
9059
959
7441
7850
5714
6812
5506
1223
8772
7153
2403
5801
4081
2112
2805
5446
690
5869
5349
9038
3026
814
4294
7345
2660
5435
6096
80
5259
9296
8950
7061
6694
9680
5801
6427
6695
8738
8884
8013
7189
1988
4946
8269
264
7485
2019
6335
293
7350
9186
6631
1422
8038
5826
6614
6185
9311
7601
2208
50
6777
7296
1744
2434
545
6043
8697
7736
6677
3565
1577
9419
4687
9974
7275
6669
3477
5756
8743
9190
6434
5192
367
8231
4195
462
5624
5302
7162
6348
7792
5570
3385
6023
9747
1250
8929
4110
7309
5207
3171
2217
4476
5441
5216
1970
5689
9809
192
9646
5532
8687
3583
6882
1299
1052
1620
2736
2947
2055
7180
4024
5795
777
7588
7176
877
2237
2724
531
6185
9264
3332
9156
3047
2826
5190
1978
8915
3181
2203
3390
8655
818
3147
571
8518
8838
265
7488
4297
832
5878
1971
800
3038
6026
8536
8629
8818
9818
5486
4127
1034
6208
6071
9964
9031
6299
7603
9800
8030
873
5968
2408
7455
6049
8124
1905
122
2106
5626
8449
651
5628
5116
2770
4931
51
5399
4784
9658
3074
642
9028
690
2300
8624
6661
1116
812
190
3968
1839
7193
8492
4569
9065
7064
2357
7411
7043
519
4319
2935
3248
5976
4849
464
3379
555
9149
5991
5301
4256
7503
9644
9366
6552
8682
2744
3680
1606
3496
375
5361
7340
9838
7936
7566
7933
2253
6892
5720
3266
7247
6531
8259
111
1416
2516
2138
7552
6994
3051
1374
3290
620
3733
4778
3240
2257
9402
1991
2111
7557
4857
6976
2766
6106
6009
7848
1982
7150
4549
8797
3048
543
6546
2472
8874
6572
6515
3086
774
8941
3534
368
4143
7311
5504
1575
132
3638
8917
7401
5295
9301
3724
2826
4638
2112
4527
8026
9068
9662
6938
2279
7605
3362
5740
274
6101
7783
6634
9113
6945
842
2722
8532
291
6185
3134
1676
763
1282
8976
9032
5813
701
7036
9780
1893
1024
6673
3233
2948
3741
6020
6035
6083
6153
8777
5923
5598
8899
4269
1942
6531
7311
3568
7392
6526
2351
4713
9855
448
1729
3039
5818
2876
2468
148
2781
5342
1522
9218
773
2394
8206
3516
3150
7215
9618
7574
3814
6116
6156
7872
3457
8432
757
1959
1692
2616
5166
8233
7027
2617
1079
1286
5777
7989
7183
7847
8596
5381
2505
5965
3863
4583
480
8529
6959
8296
1972
1381
6463
6740
1282
8806
2451
5658
6487
8056
1107
75
6475
6748
1210
3425
9005
9955
221
5864
7415
7810
5126
3597
4420
1647
1785
7294
1641
8635
4583
9047
9962
1452
5229
9825
227
3500
4318
2127
6382
1102
4299
9311
5932
1932
2255
1251
9505
6146
8653
6053
5753
7711
6019
3043
9445
3321
3772
4326
7327
5741
4051
5791
4631
2454
277
3134
1596
9771
856
3851
3802
7025
7557
8526
658
3177
7587
3615
4873
8396
5367
8671
1012
754
2916
4929
9553
4511
3495
4849
6029
159
274
4410
8338
4694
5659
554
4284
4333
2925
8312
5946
5808
5412
6824
6607
8896
4159
2984
9607
2653
5943
5960
6085
1000
9886
4145
4867
1248
7196
4334
4619
4892
5014
2674
7217
6817
1269
8620
8613
9777
120
3783
7436
4230
6622
4294
1939
8137
4957
316
5705
7528
9511
4788
3098
9688
4825
2302
3580
9709
8614
7335
811
3970
340
299
6187
1344
6804
9379
5700
2625
3151
4816
5967
2178
579
2486
4137
8789
6109
9322
8268
1960
6413
3210
4403
9648
4831
9751
6423
5820
6147
6766
8225
5896
3479
2043
7840
5698
8179
7797
6033
3678
9696
3093
6808
5387
3939
3964
7183
7607
5479
6456
90
8396
7357
9812
602
9646
7206
8358
8256
7082
7457
6039
6379
4025
2635
9718
779
4033
9755
3471
2307
7803
7226
8516
6927
2234
4095
8576
5456
5022
5236
5281
1852
4843
957
7039
154
4903
8328
3317
3939
5627
6706
2066
3031
8583
4024
9734
2478
4480
4165
5972
4716
8747
69
9318
1131
1929
4386
3008
6971
7633
9288
2410
1797
9199
5772
6041
4910
212
8596
3853
4424
3178
3498
7226
4338
3570
1647
4434
2107
7885
6438
1001
5173
1940
8626
9553
9089
2615
2540
2563
795
4443
5319
1507
8673
8123
2860
9690
8744
3864
4824
5587
2592
1518
2982
3629
6777
8307
8994
1283
5519
726
4659
6246
6507
2571
5811
9571
9815
8785
684
8941
1440
2483
7493
7613
5780
7104
6752
9747
5508
3056
9930
6099
5579
6591
5560
265
7790
6769
193
1104
7028
9487
1431
8270
5700
7787
540
2713
602
7651
582
2192
2811
991
1721
7864
5101
2632
8486
8449
9028
5755
8
3207
7404
4286
7383
513
8387
6150
3103
2748
9750
1915
9913
51
4399
6971
6160
3405
3512
8024
7946
3553
7059
7982
586
1730
9837
5266
7565
8482
2280
7054
2284
5869
1334
2701
7890
2198
4339
5996
3499
8056
970
4856
9101
1004
666
1220
8825
5790
2164
5988
9789
8922
7727
8199
7090
8105
3305
137
5276
8355
2519
2648
4186
2576
2827
4634
5080
5174
2322
2363
8852
1495
4469
3138
5438
1234
3294
61
3916
942
3504
8772
1512
7898
8546
4698
121
4096
535
1708
1776
7541
70
7306
2063
9298
7461
2874
6921
638
2072
507
3012
4686
3817
4467
4848
274
2221
5096
8623
6630
8010
1516
7846
9572
8027
9404
4285
1573
7233
3636
6300
6857
4859
8324
2753
5222
2625
655
4666
3855
2941
3037
5255
3712
2637
3918
3006
2563
885
9364
7397
704
1169
814
1937
6980
5463
8101
5879
8948
4963
8504
7497
7453
8938
4539
3278
6577
8750
4877
1254
5037
3862
7568
2248
4682
8189
2343
5535
1431
5503
1493
6128
7793
8433
359
1825
7975
6907
7039
301
5834
5627
9821
16
5279
2215
1832
7718
8203
7997
8158
8974
593
6198
3910
3506
5456
7868
6954
177
2907
7508
7640
323
4708
9509
7202
4727
8257
8193
6217
4672
3214
4139
2846
9842
5291
9841
8181
6618
6947
3429
45
7603
3978
35
3043
1509
8268
823
6879
7487
5874
3160
9864
18
5717
4748
9611
4689
4517
4991
4499
5086
8372
150
496
3756
942
4944
1022
3318
3798
3309
3125
6361
3330
4958
5291
3352
9427
7301
5446
1393
2347
1493
8870
5114
6488
7085
4930
8553
9923
9978
3793
1002
58
2793
3580
2452
7398
1034
8773
1069
4466
650
8429
3804
3987
233
5349
3370
5172
2412
3925
4116
3259
3390
3446
1374
7495
9852
9610
6671
3225
60
3260
9358
3011
6456
6972
7334
6615
6022
5574
9225
7834
7032
2407
8645
1741
2537
9208
6755
4042
1148
3873
2027
7059
7414
8040
6816
9473
9892
676
5795
9314
2141
3791
9753
8099
905
6880
7064
2760
177
3253
9429
8934
9298
9807
3547
5673
7431
3153
1639
2314
1659
9602
4394
2886
9805
4550
7918
1774
1747
9560
5674
8430
1456
7539
1500
303
7993
4691
3256
240
8992
6893
5181
4983
1205
7567
6526
1304
5960
7964
2883
4225
8507
5585
3352
3338
5874
2855
4636
1448
2202
9086
1693
3678
9480
2939
5868
662
6057
2127
5828
8647
6469
7987
2918
8790
4368
8997
9661
76
9881
4934
8577
4211
2654
918
5171
5947
5411
6376
8390
2043
4309
1687
7866
7211
4602
1609
5477
6837
4752
6872
5541
4745
8902
8743
4540
385
3455
3160
1659
6933
321
1365
3426
3869
6739
3972
340
8190
1521
8032
7200
2131
477
9743
3778
4887
5214
2593
8686
4358
9516
1628
6344
9316
298
6222
45
9169
7352
4186
9797
7123
941
1372
8158
255
7806
2406
6296
7774
7125
3957
8963
5749
1688
5162
2210
2055
7802
8659
9464
5260
4031
7271
8606
5230
6469
1091
3687
5605
2407
9379
9020
8445
5566
9946
7282
4034
2280
8757
4489
34
8552
1887
1416
9433
488
7663
9098
362
1319
4566
3660
8473
8920
5202
3090
5144
418
3390
4540
1688
8786
4153
8621
8090
2666
3208
2418
451
792
4569
4155
7551
77
5555
3561
1518
9255
4116
7544
6160
6592
9296
8636
1496
521
6675
6073
1159
8350
883
8551
1061
2669
179
2485
5562
904
5783
8009
5691
4527
6617
6894
8446
5615
4508
2916
8376
9376
6229
9389
8136
7536
1033
2388
9063
1846
4009
319
7925
2174
8640
8999
1534
9332
7202
2609
3831
4384
3757
6760
8836
6507
2172
1022
3442
2304
8573
3546
5322
8833
9137
13
2299
9370
4241
7830
1062
8492
2289
9247
1127
6416
4813
5115
3286
9877
9216
1427
4864
5256
9932
9466
3157
4962
6571
9099
4515
4976
5226
5240
5045
6617
7042
8183
2146
2724
1768
7354
1378
7550
9037
3469
2917
5025
2143
4049
7824
5268
3992
7681
6524
2295
5552
7084
7299
5948
2372
4193
8536
9387
6669
5109
8196
2759
8250
4832
1565
8966
4096
5413
5455
23
9739
8712
7418
9776
6051
875
1371
7466
4531
7842
5419
8264
2788
4101
7915
8845
9764
5109
8552
3737
3164
2874
3296
2244
2718
22
164
2449
6549
2590
8081
2373
335
2886
702
5261
4580
4856
132
6631
1040
5898
3177
8839
8611
9330
2606
4369
1316
5548
8122
5980
5891
5761
7705
9824
7721
7785
1501
8424
6342
8754
2634
1145
1992
9123
5954
979
3590
3927
9213
6064
4258
4767
7076
8438
7709
1255
9465
2505
1330
2255
7088
4316
1659
1144
29
8310
4272
6783
158
9586
1786
5609
3090
151
3524
2708
1220
3212
1887
1173
4318
884
1088
6884
6526
7639
336
192
7201
9619
6139
5279
7375
4971
3994
4572
1472
8888
8131
1905
4617
3542
9796
3205
7876
9629
2781
838
6841
907
7153
5392
2453
8017
4359
3152
7142
2185
5898
2185
4605
9144
6261
9721
2926
1962
3466
5079
8801
8943
8616
3493
2119
3718
5598
6010
5494
1522
9857
2413
8049
4113
996
1048
955
4624
5199
8372
6527
1733
9665
8949
2366
183
24
5092
4258
7615
6429
8200
7063
3919
3112
1751
4204
8457
6517
6455
7658
7359
2303
7956
1942
9780
4074
1733
808
506
3540
798
3835
2428
8862
7471
1433
8871
2987
9288
3553
9063
6766
8738
1773
9533
7204
5411
1561
2661
2003
7537
1275
7902
5660
3604
1918
6074
5295
36
8161
1989
3522
795
9488
3678
5835
846
3413
1355
2395
7055
7817
8560
8281
4888
4893
4931
6112
8056
1902
7776
5917
1261
7468
6526
5130
2074
9865
9141
4085
8597
7244
189
9118
3269
8713
9713
3356
2255
4809
3952
7301
9289
7540
2249
3573
7082
2730
6547
1593
363
3872
8815
1504
2893
151
3791
9871
8602
2300
3165
6042
477
8095
286
2643
8725
9511
8036
394
4480
6096
5169
7020
2939
798
7935
8690
1436
5782
8810
1300
3273
677
6865
6774
8281
5356
9011
2736
871
6489
8661
8602
6426
4387
9047
4504
3445
3146
2546
5554
8647
1404
889
5797
9175
1098
3523
2165
9556
8775
1901
9471
439
8571
766
169
6299
8474
1070
2323
4557
4673
9783
5598
6366
2779
7328
8969
2518
1299
9202
3894
5341
1824
6500
5202
3541
1614
4784
3794
2127
6081
1611
723
7079
3757
5289
6052
8540
8105
8332
7545
7977
498
4150
3228
7469
8148
9681
2025
2708
2819
8236
4291
3500
771
9981
8125
6287
8210
2000
8158
544
7936
2411
5668
5515
8584
2459
2310
3272
306
5620
647
6084
2833
8396
2958
9419
9749
849
6178
8211
8041
2068
7350
7805
1461
5704
1831
7764
4316
586
4643
7646
2522
9662
9118
3692
208
5670
4392
3667
1964
1336
2816
2074
1469
7298
9288
1581
8739
1485
7483
4956
1734
2667
8479
5275
9886
7476
5084
5668
4439
8655
8961
210
2685
3622
8954
2073
754
8637
6983
9770
8298
796
8737
7680
4729
3062
4535
7998
3928
8367
3023
2650
3967
3750
2446
9750
7612
2911
8957
2905
6669
3758
4328
7052
346
6325
8828
1837
602
1140
5742
6223
1590
6892
8104
4668
3863
5543
286
5750
9812
6578
2374
2319
1137
8
1594
8524
8359
6169
2697
3304
6827
5102
5974
5912
9139
1189
1001
892
9788
3660
8798
360
7738
7048
2724
6840
3925
6806
1094
731
1139
8808
7504
120
550
544
9405
1432
3801
7590
4399
8809
3056
200
9286
8651
5526
3300
669
7860
3855
2993
2689
3669
670
2399
6165
7575
1679
3806
3191
8817
4710
2185
2458
4290
8204
1064
3465
5813
6656
4398
7855
7400
3225
6192
9208
1857
4725
3031
7825
4858
4629
7570
6887
4265
4086
5281
840
9407
6888
8836
9401
5459
8860
9620
8940
1408
2140
3061
1431
6863
3660
9546
2920
5680
4596
2235
8604
3389
1172
7502
2921
9836
5089
9379
665
2947
6793
4564
3987
7368
3691
1771
9508
388
1933
9692
9260
2510
6239
8245
2109
1712
7893
3900
8056
6777
5020
3402
9913
9429
7562
7815
8262
7426
865
9138
3433
2717
431
6387
4950
9116
8737
2923
723
7189
7368
2848
9965
3765
2169
6580
8320
6484
1525
5390
8727
3497
3822
3347
5196
6541
5245
5363
2018
2752
5246
5293
5994
9348
9407
6841
9231
311
4947
1482
1222
9104
7385
468
9727
6821
6386
4434
318
5065
9016
7319
8903
1783
3788
3709
5031
67
6194
9104
2617
3072
720
1543
2002
4815
350
150
1430
565
8930
5435
6388
6527
2930
5036
790
4833
7994
236
8239
5951
7310
5372
6555
4470
4924
4423
8030
6516
1464
2256
933
6848
4218
4067
7102
8382
665
6369
5908
1528
9317
5169
8889
1885
1923
3797
3211
9068
8793
3349
184
1620
833
4164
7519
8893
6453
3862
4233
389
261
7259
4660
2829
7687
8579
5348
4378
6486
6327
7710
2921
2681
1154
5346
9182
1169
6170
36
3193
2771
7337
477
3495
4682
9945
4411
85
5619
307
9921
8618
3227
6394
3537
8183
7316
6148
5451
9315
5249
6334
5056
6206
7375
4819
1404
2179
6980
1531
5675
853
7925
2309
385
3659
6587
6008
7418
4377
5162
642
7881
5503
3207
2907
4987
4987
1985
7129
6338
8466
222
9063
2985
8450
6382
818
9367
6076
7618
9736
4472
6875
641
3389
8125
9152
7492
6270
1914
6616
3195
9166
6108
8372
1943
6325
4473
7394
4512
1426
3335
5597
3966
6727
6878
2801
4252
3451
3393
4855
323
4044
7627
1504
5875
1769
2315
9124
2147
2048
176
4023
2
6842
4912
9531
231
2845
1992
3165
1287
1668
8639
2832
4075
6560
8319
1777
1615
6065
837
8019
5120
1049
2322
2229
9413
1355
6874
4778
9119
3522
2333
6217
6281
3455
7924
4405
1287
9322
6328
2142
8388
4472
742
7326
3192
7814
2959
1897
7073
9286
9763
8003
6419
4347
7853
3446
3172
4831
8773
3178
2484
1750
2389
5641
1205
1103
6838
4728
7022
5086
6248
4644
5220
3016
210
9366
2186
3486
6505
5048
3668
9808
9131
228
2244
7765
7233
5454
6866
634
9961
9442
1444
3548
9756
562
707
5254
8935
4398
7637
4467
6663
9901
9547
6416
4846
6014
4662
2198
8214
547
5783
1430
8010
6765
6709
904
3993
8679
6858
3294
9845
7846
4760
7900
5719
3606
743
574
5937
5657
6228
7121
1797
5603
5972
2076
9927
294
9893
7847
7500
2175
2323
9540
5852
4713
4412
8768
7221
9082
7691
9212
4186
5388
622
4980
2526
8773
3230
9189
3217
228
3383
9805
2548
9745
5179
5358
6954
2777
5032
1833
4717
5348
5978
4134
4157
3078
3786
5724
2058
2027
5700
5728
1337
6403
8438
1348
7616
3206
8567
7373
9381
5456
1837
6354
7734
3879
8540
7349
9490
2456
6765
8990
5648
6082
7797
1998
925
7440
6421
3137
7569
6542
4392
9278
7734
8139
9316
963
7158
2852
6206
8861
1489
4841
90
2108
3636
7842
8036
2090
7431
1203
7427
3339
6766
3715
2672
5704
6398
3714
5248
9887
9063
6935
5610
9509
4191
2753
7310
9654
5513
2612
5381
8357
5888
7531
4463
8238
6960
4930
6028
4164
6644
501
2922
6185
4646
8802
7902
8434
9921
5083
3288
4991
1870
913
1578
6193
9243
4760
9124
6852
1504
7796
7156
338
2457
4982
2698
85
6595
957
6235
6960
5449
6655
4432
4832
7116
8935
7250
9719
2246
3540
5951
6300
9329
9138
454
516
530
252
7617
9376
4735
535
2850
3377
9765
1855
2042
8181
6399
5235
205
2094
611
6510
5423
4704
1151
1138
6467
1290
3739
4893
8294
879
1453
8259
4830
3570
6624
5119
8338
1074
3915
5867
6977
8059
949
2187
2543
9198
6436
1900
6030
1956
9228
6522
8837
2528
9704
4316
7333
3925
5214
4692
4729
4067
5369
8168
9292
4631
2740
1424
9292
5290
84
5277
9410
1272
3967
8754
2042
2159
7367
2343
3740
1958
234
5231
3
471
7011
3004
2234
773
4646
388
6351
6702
6449
8741
6621
8086
822
4977
9797
2511
8170
5670
4357
5844
2167
3336
609
7602
6276
1912
1889
6028
9578
8764
9683
3763
4632
4239
4267
2312
5677
2849
9840
9005
6442
1523
7950
6973
1310
818
3562
3356
9114
7356
1087
7324
2418
3720
5931
7420
1892
4612
8828
8734
8884
1701
7270
940
1699
2190
4015
4237
6062
9521
2982
1915
691
2387
8403
5085
2125
7657
1908
3318
2855
6221
9136
3149
7027
6618
650
2031
2452
7836
8563
6530
5494
6948
7839
4252
6067
2928
8674
3413
1202
7244
6552
3689
3374
4039
1977
9066
1766
1280
5513
8486
5183
5914
6106
8921
4040
3511
486
2970
8093
4918
3778
4351
1349
5509
854
2153
8753
6894
937
3231
2066
3686
8584
8477
5711
1313
3695
2632
8132
7565
6512
6327
2035
1771
6031
7567
4709
9417
3976
2722
3239
924
6372
6559
7743
6252
6918
2411
4061
1906
6246
1669
3386
4857
2766
4699
7398
9669
9519
3925
2633
5008
5750
4845
6772
3074
875
99
980
312
8771
8804
5669
7306
2436
8595
9882
9869
2469
2824
3466
7901
4696
7129
1257
8262
9242
1976
3084
9105
8044
9784
8570
248
5810
7960
9065
4171
6175
5822
1152
5134
8567
3278
223
3304
6193
9152
5708
2183
7494
441
2719
5054
5057
827
9898
3809
6549
6070
273
8453
5159
2020
866
1367
2247
3855
1614
1472
1860
2737
3447
194
30
6010
5716
6390
9080
4885
2965
65
7310
1259
6377
1848
1562
7572
9148
6224
5745
7755
1927
4987
4293
8509
6882
7393
3276
8706
3572
7416
8246
6704
5577
3859
3518
9304
9015
5388
5183
3808
9620
4183
2578
2913
4083
6132
509
4983
816
7315
4955
5785
4945
7747
9356
6763
9186
5488
120
7457
1424
9323
322
3713
536
3645
364
9079
7849
9640
3213
3375
4715
4515
8205
7342
664
8934
271
6831
4197
6018
469
1791
2584
7111
7822
4185
4346
2196
4948
7730
6103
3565
4821
7240
5711
619
5030
5377
2206
1640
9536
5778
6386
8489
7619
8234
7419
5794
8741
3568
1702
3387
4386
8090
2633
9746
3334
9683
3135
3925
2198
2089
9821
3902
8672
1080
1862
4513
187
4799
5837
823
5284
809
6531
7802
5150
9419
2189
6862
3536
8998
6334
72
964
1605
5155
9326
1744
3190
7175
4830
9587
4007
5938
242
7850
9865
938
3866
1510
9987
4412
6097
8902
1410
3554
5536
7657
900
3523
6640
4387
2762
7361
8582
6431
7881
6501
5046
6863
9952
5043
1988
4978
8468
1837
8567
7983
9772
4731
6346
8520
2721
6509
9837
4014
7452
5990
9636
733
1800
9778
7320
5351
3125
8504
2698
5430
8223
2903
9045
6082
6310
2763
6451
5456
9361
8963
2906
4067
4648
5115
7809
8970
4108
5676
6824
8964
3695
1431
7616
4144
1071
8466
1478
4923
9846
7463
9105
1101
9970
6338
1151
160
9576
9343
2787
8013
2777
9393
2696
9454
6064
100
5382
7161
5134
3185
3326
7472
3577
2662
3736
1271
9196
4422
7465
8271
5895
6648
4531
7361
5918
9176
9179
5641
4578
1744
5868
6613
5300
1871
2027
4354
5747
8266
5605
3379
7059
8322
170
814
5378
621
8058
5151
4706
7159
5976
631
8559
8269
8497
760
1748
5293
2358
4690
1452
2186
1064
6944
2354
7388
8027
2965
1399
612
7491
9193
9998
6635
7003
8634
3236
5532
3440
3623
6016
7851
3472
6597
684
9789
5189
9991
4016
5110
434
9157
5489
5009
1812
9093
4072
4257
8897
7391
7340
9924
9324
620
1573
3574
736
4127
8971
3261
1329
3460
4130
4870
6875
6950
9227
4809
1698
7836
8964
203
1884
8934
2453
7232
6450
1870
6367
6776
3635
5387
4173
2707
6485
149
9229
968
3057
2911
9301
9682
3648
4269
5351
1210
8227
604
1620
5163
7914
4219
1230
9134
1543
3105
2012
102
4646
7868
3624
4820
7
6006
6121
2769
4806
3199
7351
6491
2561
5806
4760
6605
1953
9115
4840
6361
5790
6967
976
5910
2732
7049
2219
1522
3455
3269
4504
3077
538
3981
5350
7060
7894
9670
4239
5610
5488
4707
6453
3231
2021
4859
5450
2365
3072
4615
1553
4491
5273
578
2182
5984
2020
6476
8365
5163
2238
1847
9184
4290
248
7619
4594
8517
5149
6032
5085
2634
2366
8026
4971
9993
370
3532
312
9839
3522
9758
4794
3591
6626
8904
1808
7561
8058
153
1547
4612
6267
981
2231
9945
8076
9073
4915
6516
6647
7260
4891
5564
995
3639
5611
6992
1704
2902
7846
6773
4936
8570
3402
1515
7704
6990
5046
5286
8979
1761
448
9384
49
4371
1247
6898
5143
1637
1250
9058
9541
869
328
5973
2405
6241
2574
7571
1912
8474
9169
335
1342
8312
7863
5747
1433
7786
51
397
7292
2318
8781
1349
8677
6555
5810
8906
8352
2359
1377
9921
5916
6425
1022
6758
176
1418
819
9485
2850
2057
5656
3679
5907
6388
6321
9536
8227
7775
1862
9479
120
1944
9965
9291
303
5595
128
5986
6802
8857
9000
411
7256
9653
2990
9935
3709
5991
8313
4230
8081
1981
7902
1082
6122
5978
666
5162
9779
3336
9026
1788
3665
6835
4630
7626
9106
6905
6015
8674
6702
3395
9198
28
8991
3990
5069
9654
4044
7325
5266
4631
6144
9874
9305
5160
4972
1054
1668
8230
9720
2550
1976
3470
5421
8721
7434
5128
1937
3104
9592
5358
6205
900
3311
5904
3560
960
903
9536
1036
8561
7999
1477
8096
3440
4549
8178
5063
8500
1157
9719
562
2966
6992
6274
9118
7456
2107
7325
2681
3327
3148
2220
6643
7361
7163
6781
1768
8381
2053
6026
4798
4053
6688
2010
2512
6014
8377
8498
9576
4570
897
2237
2615
3275
4294
6882
5000
1243
9579
8239
9832
8679
3059
5900
3696
255
7322
7998
4
2495
6248
9041
8271
4857
7478
9398
2724
8859
9347
1459
7920
3552
385
5314
2667
8935
4739
5769
1844
2341
6744
911
7959
1860
4683
8931
5205
1305
5614
7951
2335
3708
586
1031
2777
3841
7030
5642
9693
6282
1802
1477
5351
8619
323
1710
9651
1930
9768
1022
8585
4394
9616
9078
6750
1585
8424
6316
5394
5833
9269
3853
9469
3394
7040
8612
5601
5377
7920
2606
7764
3933
4674
2812
8542
7372
1516
5098
2827
1764
4815
957
439
5830
314
3738
6768
6248
5247
538
3204
4613
3201
5161
1656
493
879
5670
8168
8979
7698
7090
6545
3901
3223
3935
4388
9217
3689
8110
3652
8197
7923
8908
495
3596
7828
9380
1218
6999
7174
6326
2412
2979
8556
301
234
6583
8623
2277
1693
4658
9575
9350
790
5913
2863
1223
5263
5038
5380
9270
6987
2484
2795
1427
7409
8798
6297
1706
8534
7467
3744
1755
5033
5519
3743
4378
8923
6385
4479
4361
5748
3726
946
5052
902
5265
5963
1178
7508
740
3854
2501
9463
3306
649
55
6043
3613
3412
9866
5415
4376
6078
8191
779
4529
923
6829
6797
6804
6282
866
1422
883
6075
619
7363
5049
9221
699
5866
8220
2066
4340
5722
4886
9205
3867
4276
6801
2132
1478
194
5593
6073
8367
4043
5500
9634
2861
499
3223
6818
4958
2088
9082
1342
7843
2356
5809
9379
7185
9428
3055
7879
7252
6243
8122
3380
4997
4977
8248
1491
3841
8642
599
1848
1470
6811
9856
3471
4765
6247
5272
8267
9168
2980
8498
6852
6427
8579
4829
1788
5683
9239
8189
3162
1200
8078
3615
844
5699
1976
3234
3723
8388
3169
8479
8094
1579
9519
4198
3700
9649
6255
2062
3374
5716
8269
4734
5548
7582
6038
616
7975
4706
4495
3815
9195
5286
8744
3115
1934
2849
1553
2355
8432
2761
5102
2130
1079
3594
6315
9089
769
4577
2977
2079
3265
2967
5032
681
3779
8920
1997
6646
2889
5502
4441
5334
4716
9894
1454
7
7745
4848
3652
5972
4823
1126
6350
3276
6409
6057
7922
4457
4098
2217
9582
439
9621
9387
7289
7415
7099
7060
178
6104
1608
2405
7768
8447
6871
7193
504
488
6283
8805
6587
397
9463
6065
5044
177
345
3883
8976
3605
5659
6854
5279
5223
8139
9262
3258
8048
2151
9583
8314
68
7228
4309
6868
9932
4867
6405
1405
4540
5172
5208
682
568
7410
5575
1963
1813
9552
2661
6049
105
7971
631
8891
5096
3005
2192
1131
51
2291
8535
6707
1826
948
5528
2889
7597
4767
7204
3262
8457
8661
623
7896
8270
5343
5034
3618
139
9062
6084
593
1216
3379
7396
1124
7105
4651
9556
8762
1802
8302
6677
6046
6666
6855
5186
5516
1262
6188
7438
8362
1529
3948
3141
8196
2052
7334
4590
4743
6079
4059
2559
9534
5000
4964
2027
8437
3148
8487
8668
291
5800
1848
1080
2350
9713
3811
1318
4033
909
2060
5191
4312
3984
8458
9491
2110
4304
405
7471
8955
5249
6199
6424
1958
3127
5272
2331
1505
3240
3819
5679
1155
8109
8309
1547
6849
411
5979
9430
543
3100
576
1473
7327
2240
8343
7108
5098
1082
7078
1863
8119
5555
8190
1059
1378
3320
1645
7282
2892
4831
3109
7363
8068
2731
9971
240
5906
3313
9379
1903
9797
1565
2019
7674
5645
9534
1044
4889
5871
3554
2985
5414
4894
4811
5679
4256
4319
7634
2521
4971
8489
4101
1568
7326
7331
8257
9585
6984
9469
8827
7638
6971
6268
5557
7555
4010
7905
3462
117
6291
579
7935
8576
4803
3043
6125
6045
5876
6804
6408
1299
5429
8955
498
6435
4578
7694
8858
8524
5938
969
129
7434
6739
4522
6239
9482
8421
9671
984
2717
4486
6457
3154
2353
7197
957
6452
1298
4985
5892
2722
4812
3680
4226
1709
2775
3898
5675
904
5580
1054
8289
5666
3693
2741
2468
4225
9416
5421
1381
7577
9639
7391
582
5756
8844
2393
8917
9401
4651
7560
9174
4109
20
4475
736
6757
2809
9167
4666
9197
9574
1333
4466
4692
27
7158
7872
584
8569
33
1743
2161
9845
1129
1181
3943
2271
9544
1696
6293
6361
1833
706
1584
1886
8329
7970
9677
8781
9211
7928
3581
4319
496
2548
2503
1198
2127
5852
3613
1990
1098
6585
1459
3894
5087
1668
259
782
8584
9523
5260
8605
3992
6703
3223
6903
2356
4277
8669
3568
5255
7911
4643
6891
8368
8265
1115
8066
8591
2742
3153
2938
1751
8010
6591
6600
8656
3016
1213
6113
1275
6238
7086
3379
9984
8820
1426
2874
1116
3637
3470
7159
957
3041
5053
9777
4748
932
79
2478
7757
3277
2409
7038
1285
9222
1415
5481
9230
3889
6900
2984
2973
2250
7877
7556
9719
8478
648
8799
1767
1505
4774
5868
1047
5861
3182
2693
1484
1084
9452
3840
6319
7978
3588
9994
2421
4698
1317
924
5770
2081
4240
5099
1625
9893
9121
5468
1444
2119
3453
5126
2996
923
7876
7976
9214
8033
6956
9035
5659
8451
4577
2867
9602
991
440
8890
224
3504
1383
7460
8003
6613
4394
5372
121
7529
7811
1303
5059
4513
347
2208
1862
5580
4453
1223
6699
4444
5166
9099
7628
3332
7291
1120
5226
7491
1488
6962
4225
5849
1093
6640
6203
6400
9119
5687
4477
231
6498
8867
1907
2576
5594
4130
7293
3133
8983
7141
6127
1206
4025
4061
9510
9923
3261
2825
7264
7748
2779
4025
6109
3971
142
2187
4591
5077
3242
3919
3903
915
454
4644
8531
1961
3587
5503
9104
7966
2345
491
8632
2469
1392
5984
678
118
917
9516
4573
1082
2735
8569
986
820
7335
8105
675
9313
4002
8985
480
5127
6925
255
6503
9908
3573
3133
9928
8654
7504
7566
1127
5480
6440
3839
5051
722
2390
2109
6351
621
8413
5720
5167
3523
7051
6427
503
7438
9348
7665
8882
4264
3497
5310
8078
8780
808
9226
8996
6031
9727
5586
6253
2106
278
4705
9218
1656
3590
2598
8390
2467
3024
9522
4552
3509
7338
2743
8786
1429
9878
5980
9701
9034
483
2149
7178
409
6401
626
5385
8519
1732
1083
1157
8830
7826
2034
6519
5862
5117
1470
1920
4992
3201
2771
8988
9542
5118
9698
8329
693
5427
3465
4865
5754
5386
4168
4044
9494
2999
376
3679
8071
1648
8764
199
4882
3093
5016
3585
5418
5998
5023
5827
8740
5848
9065
7054
7142
3951
4809
1793
7472
5128
3280
4186
8880
7974
8416
3231
1688
1853
8811
5469
3381
217
9032
2422
3835
8084
5752
3998
7996
1340
3792
5471
2105
3415
643
539
3807
3103
3648
7049
8524
7907
4443
8928
6202
5172
8195
594
3541
1876
4531
1524
2777
5900
2515
2590
3904
1660
441
5392
7619
6096
1886
7770
7292
7653
171
9779
4509
9432
5972
6015
7978
9703
3093
2174
1746
8368
2399
8771
1573
8348
6967
950
5533
8847
3219
8915
2797
2078
1543
8899
9872
3423
3591
9353
6114
9096
5292
3942
957
9631
8737
7680
6779
2525
4120
6524
3877
3309
3091
7261
9737
4064
9854
3355
563
2762
6748
3746
8412
4716
9031
9700
8885
724
868
6143
953
943
4527
2496
9936
6636
8153
3351
4507
7625
252
8176
2757
7637
7861
2589
9652
8238
7791
5591
699
5909
229
6201
1251
8751
3321
9455
2214
3951
5784
3670
3729
7423
8647
4030
6425
4315
4019
5978
2219
6455
1355
7562
3085
9339
5535
3852
782
9205
1357
7496
6370
84
7753
8852
6014
2244
1242
7799
6013
7988
6011
4475
1584
4538
9321
8627
4069
8105
872
3051
4310
3102
4501
5098
3660
7975
3196
1322
616
431
84
3585
7041
9107
9582
9839
7705
6639
1624
8638
7485
9457
6174
5799
9392
8035
7283
5177
3105
1800
2336
7285
5377
7772
9542
4588
9624
6690
6300
2527
7924
4124
9546
2985
8520
5343
3486
300
3616
9641
8763
6174
8301
6921
4484
9821
6608
6426
2491
3376
2249
4198
561
2360
8483
4736
1168
3724
6149
5733
402
2797
9781
6076
7996
3936
1265
3490
7539
35
5237
9103
8199
436
4287
6726
6030
4206
4506
5949
1194
285
8016
2016
5046
2594
1970
8857
1882
5182
7001
6213
5584
1681
5937
7198
8134
453
1841
2499
7418
7567
7123
2530
8022
2331
8285
5635
8212
5077
4741
5103
1666
5917
7005
5217
61
2992
5178
2373
9334
4226
2007
5558
2630
1041
1073
318
2038
6757
487
2508
3014
2184
3982
5526
2833
3845
7608
4910
9206
3619
1988
8405
1852
7169
8602
7013
6830
3096
4317
407
6987
9978
6433
459
5922
7019
4972
3494
913
6490
3945
4466
865
6218
7221
5383
1012
1696
7664
4247
1612
4776
2192
8109
2211
9911
7640
1263
4363
1537
2844
5478
1687
6094
6688
4431
522
627
8034
9886
1768
8800
243
5891
8331
5851
1041
64
4590
2780
825
5778
7412
8002
7232
8296
9797
7069
8397
7988
3990
3719
9620
1907
1955
637
6358
2193
7468
8152
3991
7216
7288
8458
3876
6641
5475
9878
6874
138
1734
2030
5660
4348
8726
7236
7247
8791
1534
4374
9941
1165
6892
2445
5625
1427
6595
9460
1023
2736
587
1828
2181
9221
45
3270
7847
5542
9076
5153
319
8413
6077
7277
2061
3544
9939
1980
6892
6516
823
2157
6070
9128
5003
7150
1007
957
4632
7098
3430
1325
2985
195
9103
4627
1268
9646
8720
1111
9341
8385
7252
1200
8399
885
1526
6263
8031
2428
1740
2506
7269
8241
1246
3890
6373
2610
9930
5874
9267
831
3204
8226
3897
3591
2384
4544
9367
5653
5375
3313
4109
2513
7999
2138
4218
376
3209
1099
4491
7586
7419
6054
9577
2313
9683
1338
2455
757
4315
529
2228
543
8095
7047
2656
2735
5319
3893
4039
4499
9086
5650
6337
7922
5331
267
6731
4289
3821
7934
334
9930
712
5568
4780
9888
1352
6231
3921
863
7269
3309
6702
3271
1182
8210
2654
8134
1907
4094
7833
5299
6682
4593
1907
9812
2618
4050
2959
4692
2266
3195
1776
1915
5881
9918
3602
6930
4836
4534
5783
6082
3
9629
3499
6377
1949
7932
9084
1505
4849
984
6593
4857
6391
875
3144
7860
9504
4219
4816
2999
5319
7189
4006
8938
8335
1644
1576
627
5993
7402
1181
2382
4002
2040
9654
4971
7526
4639
881
7133
2971
239
1378
6356
9053
3450
691
8802
6943
7963
8721
5188
5484
1594
8148
7071
4316
4195
9302
6852
3991
7101
3201
7370
329
566
3303
754
3002
9805
7791
5351
152
8295
9932
1320
5680
2284
7307
4187
5607
532
8997
3602
6909
1191
2623
179
6602
6393
7054
8715
1562
7643
3189
4050
1595
8616
5460
1596
400
8619
5828
9596
9151
4996
743
2383
8559
8358
6782
4205
9497
2695
2139
2212
7732
9749
5864
3182
9991
8813
9944
2926
7545
6687
3712
8712
8065
5353
9962
5617
1431
5572
6206
4534
8886
4242
6699
857
9777
1803
7986
4063
8505
3264
7243
5728
8528
2624
4746
2199
6861
6822
7057
2543
5794
1035
1
7897
6596
8751
9799
1313
3240
8804
9491
1370
5712
2515
9649
7303
8793
9638
9896
7109
9908
5799
659
7266
3885
3702
6708
90
7733
2639
4084
7968
6725
3302
967
7464
5128
4359
8025
6602
9285
7937
3879
7693
6710
7438
9225
9388
2647
6017
3123
9405
9020
4202
3876
2086
3307
7387
1342
2798
6786
2614
7706
5490
1490
8819
9613
6232
1019
7404
1582
6465
3426
8463
6839
533
7006
4470
5767
4893
4665
8844
3683
4889
4975
2809
5081
4143
2609
8565
5230
9303
9271
345
2481
4585
2636
1258
4193
3178
1242
6460
3011
3893
7702
5376
6018
5735
6600
3897
9201
2672
7120
7579
3943
7207
349
9203
3829
8207
5661
3183
4035
7025
5993
4236
4740
6203
1739
7349
7739
2354
6603
9679
6695
2993
9842
5684
106
4525
2900
9563
8143
8824
2441
4165
4898
6013
1751
5581
6569
6305
8278
6928
367
6532
7213
7117
5737
907
9017
7094
5610
1624
1041
8829
5672
1553
6207
3445
7521
1868
9729
3833
3288
7459
2375
4736
2487
891
8071
7288
8342
1310
3472
8596
5667
9380
9071
3859
9715
3760
465
4206
9999
9414
928
8069
9040
5961
2500
1122
7513
1097
9160
760
4793
7195
1446
8885
3811
8685
7257
2056
5119
359
6954
4952
3899
5946
541
6044
8977
5059
4847
9213
5800
333
4381
3211
4041
9800
4413
1470
9135
2232
1978
8987
5470
4841
4838
4178
1552
2903
8738
1725
2715
8036
7651
9433
862
7192
1665
8408
1317
4447
871
1744
7885
1289
2620
6186
8064
1531
6811
9612
1355
7900
3251
6028
2696
2625
6705
9965
7972
418
4775
9294
3961
3006
2401
9424
3957
9137
7452
4397
6536
3594
7753
3967
3530
8005
1641
2091
6029
6673
4036
4537
1772
2234
5391
1836
8128
5255
5075
1366
1663
4163
3470
610
8743
2958
5425
8152
6236
7833
2859
8697
6997
9893
4156
3112
504
8247
6225
4110
2638
8633
922
7528
9033
3897
4996
3793
9872
6034
8524
8389
6419
5802
2601
790
9202
7690
4657
3576
9545
9510
2211
15
8701
4836
5281
9088
7631
7236
7283
3964
5114
6394
7922
3469
6923
6886
3196
6620
9048
8040
2060
6924
5536
8798
8160
3538
4338
3975
3841
8919
420
9689
8456
7280
954
7748
7837
2967
1997
4245
6761
7162
651
9146
1708
9882
9765
6844
6932
3658
10
1241
2206
7011
2654
1142
7063
6176
4416
6714
6239
7886
61
1963
5886
7423
2542
2394
6457
9619
1444
3600
4914
4128
3647
8858
7996
100
9337
2821
862
8830
7931
9176
1503
5177
4942
1916
7064
7529
4268
3886
1926
4518
7838
9546
2490
3947
4693
5092
622
5166
8184
5346
2690
106
2722
4564
3535
3848
2129
5108
8061
4360
3845
4445
1308
7158
9132
4261
9270
1377
3821
8066
1041
631
5534
5826
2380
2913
4053
14
608
5215
3363
1308
8736
9987
4642
580
1749
1605
3421
4017
4367
6614
6615
8838
5614
3004
3371
5037
4652
2968
5592
1214
2200
2889
9290
8120
9169
3531
6550
2924
3476
7733
3293
560
4761
7845
4080
2462
9225
3287
1656
6052
330
9265
886
7926
6695
4262
7527
8434
3050
9205
1581
2108
8926
8046
594
4612
219
5106
5036
401
6739
9401
2508
4196
3318
6132
6213
456
1698
3075
2515
6109
3428
1418
869
6964
455
9572
8616
9737
736
9244
5746
6015
8586
3227
8105
7619
1920
1493
5986
9258
8861
421
9077
4238
8172
8543
7833
7117
3741
6891
9346
675
6601
9902
5788
6300
9313
5224
925
7074
8543
1991
8566
7355
1862
921
1045
5781
1968
2320
6055
776
6224
1692
7643
1679
4759
5797
7562
3131
6338
8284
5126
9708
3357
639
1039
7898
3178
9877
9759
2317
3204
3399
4579
4770
7797
9973
1943
5861
2383
9672
1112
4555
3977
448
2071
8852
3755
3223
1940
310
7872
6632
4051
3000
7556
1074
4222
5136
9627
8387
4141
3853
4590
2292
5757
7561
8203
6837
4088
1632
1353
7909
522
2841
1964
109
8726
759
5135
3522
4260
2626
4155
9244
8813
8103
959
3575
1943
6337
4811
6661
3056
3541
8094
7436
6972
354
3467
598
8204
6521
4062
5307
4461
2950
8046
5708
2231
9548
1827
967
4334
4326
7395
1798
515
2706
5187
5400
8265
4952
6806
5259
3221
7556
7246
2342
7220
4973
5337
3294
2894
4894
3044
3989
4499
6814
2337
7182
2733
4183
1126
5703
5651
3840
740
9010
3602
5214
3417
5130
1485
4906
6262
9514
511
6053
9351
1989
2087
6679
6842
9710
1384
835
8509
3396
8852
5808
8277
3063
830
8907
5846
2067
9966
5970
7525
471
2688
4737
8634
6191
5260
384
6436
1184
5348
6779
6947
8383
2879
7332
7534
6303
9913
7846
3757
6801
8723
4768
5743
5122
9528
4929
252
7725
9791
1197
8790
4274
463
6081
2448
2966
4053
3094
8668
7893
5170
9187
983
6362
6309
8991
6609
7843
1947
8848
1509
1556
275
202
5836
147
1189
5655
2826
720
6334
5432
7626
8976
2082
4752
8856
3302
2276
5901
3406
4828
1890
3844
6128
5634
4349
1489
9350
4340
1759
8426
7057
4796
1583
4525
4169
9762
8606
6519
6971
5502
1406
3748
7349
6285
200
3647
6238
3135
6886
3441
4466
3519
3662
502
6009
9626
7608
6050
5641
6363
3302
7065
9778
2888
736
3850
7587
2269
793
170
9127
6790
3405
9845
9500
8810
6186
6279
3729
3665
2825
7405
50
3096
1363
546
523
8327
7929
2006
2182
2721
5140
6076
8569
2933
1146
5944
3277
5585
2016
9227
3833
232
3357
8300
7868
2725
5289
2729
339
7461
273
3193
1404
4353
913
8706
2826
917
1865
3066
1712
1694
7821
2788
7599
1416
8227
1691
4427
9890
6558
6944
8276
2845
2244
4690
111
1971
9554
5461
8951
9808
7033
7432
9831
5307
8886
854
8314
3461
6139
4657
4999
5563
6426
7636
8582
4949
8527
4091
2539
8518
318
4499
9226
8826
4729
203
4908
1358
8269
4270
891
85
8232
9502
31
9860
5753
3719
1442
9443
4583
1850
2427
2567
7230
6845
2007
150
2561
4008
9889
5229
6332
33
2109
39
157
5389
2581
9366
6592
1196
4543
3360
6205
5104
7706
5469
690
7309
128
5344
2991
7030
2345
681
906
2715
2298
9052
640
3248
7661
406
3684
1273
6846
8264
2208
3707
8994
9445
2042
2919
3828
573
5988
117
7437
702
5177
1718
8115
490
5844
7348
6840
185
2134
9406
5863
6649
7685
4138
5730
9325
5484
1278
9727
5852
5749
5155
3267
1037
9007
8300
8549
4324
1389
9564
7921
8007
9468
4973
29
3251
3022
336
303
6107
4167
4747
4904
4663
8583
6682
3885
107
4534
8835
3908
9990
4004
9392
5079
2533
9874
9090
9602
2143
1148
336
1611
5968
6928
6967
6247
1870
8718
3826
6305
8035
8296
3827
7384
9538
6618
7454
4195
9039
3074
6554
58
3084
372
2430
3726
6530
5017
3683
9214
4779
7557
1196
9959
4074
3312
4711
1761
7187
5046
8319
3285
971
2765
2628
6754
6250
2535
3820
1244
5514
4498
7322
174
6624
7012
9210
5325
3908
5611
17
5304
5529
1402
5949
3963
4715
8951
2743
9453
9004
7358
1759
7415
8519
5348
9162
1355
1672
4286
3724
39
2020
6110
7393
6990
3798
8280
2392
1501
5811
2386
5401
6367
5704
1717
5518
9295
1041
6492
1846
562
5599
1409
1749
1609
9848
6159
2803
766
7604
3918
4278
3365
4909
652
806
1426
6408
5098
5892
9493
8769
2765
8465
709
9060
655
2801
5670
8718
9013
853
2652
4362
3284
6447
5000
3866
6579
3832
5176
9959
6026
4900
9604
7387
1558
6239
3404
3123
9127
1831
2385
3868
2265
6659
4654
3132
4322
3446
4152
1430
7734
98
9511
2874
5271
3335
3447
8922
7323
8472
4379
6978
1720
4092
2316
2699
7671
8089
713
6265
8158
3757
7730
8890
9650
8858
287
8120
6938
245
4965
7152
951
6160
2677
8031
7475
4387
3757
4092
6876
3445
3952
9308
4538
5187
6264
3646
2533
817
4769
6908
3748
6050
8623
2468
6228
4239
4749
9606
6466
9889
1404
8760
125
4863
4599
3596
2000
2244
3068
6710
8483
4912
1589
2619
6703
9256
2621
9869
1832
7740
4526
1650
7523
1576
6416
4635
6950
1466
193
6351
7568
3125
3387
6356
1100
8556
2540
3221
105
4113
176
526
4466
7129
5109
414
5464
7585
3385
4449
7829
8059
6356
1526
2805
9965
5135
9136
3280
1051
2969
2012
5411
8176
5324
7010
7998
5650
8378
7515
7719
7221
5222
1640
329
9655
1334
8627
9408
6192
3106
3243
3882
6168
2421
31
928
7552
7286
9341
1677
4928
9450
3848
827
9319
4533
9758
7450
1288
9496
8619
4841
8221
3477
594
5914
8815
8371
7940
8160
6202
4733
5518
169
9139
1135
2282
5424
115
1041
8611
5286
7129
3578
7482
8647
8130
9579
3755
1050
5539
2753
7924
1879
2587
3126
3155
3219
7972
4371
2962
9201
2346
5954
1032
7026
3994
5411
7442
5142
7625
1787
77
6648
3100
1845
1196
199
207
8265
4858
6127
4990
1994
5053
5176
2165
4822
9105
5666
374
975
4645
8993
1633
5351
7988
9386
762
4728
8945
621
1072
7189
5800
9214
6634
9774
794
4782
8019
4292
2028
584
234
7278
8617
9030
6785
5764
9446
2236
119
3266
7837
3699
3310
9257
8462
3206
8320
2750
7687
9839
663
9586
4052
6034
1576
3555
8314
5788
1318
106
4783
3351
5600
1991
7625
1139
568
7334
7941
6764
212
5336
2677
9224
7101
8191
8358
9751
8526
3383
3497
5795
1267
4435
6360
3336
9427
5283
5081
2143
5201
9604
8818
4181
791
2501
1102
6761
6542
4810
8725
9243
7572
8627
5250
6673
945
1513
9995
774
4673
5466
8012
823
3821
8710
8237
4677
8144
4120
1381
9823
6605
948
9789
8075
1025
9648
1103
2766
7574
4257
9985
2076
2696
1296
5882
6486
4965
7411
6603
402
7960
2327
7720
8594
4919
9060
6610
1243
2100
7205
8895
413
8018
7273
9990
4780
8177
4871
2815
6406
1020
952
85
1962
1988
978
1466
3667
1744
8303
1128
8396
3665
8202
7914
2243
1276
5267
6017
8926
7947
9825
8098
4800
1417
9159
400
2663
7406
4053
3484
4023
6386
3525
4543
4114
2469
5978
377
6498
267
5332
4639
9548
9065
9202
2854
3305
9511
9570
1212
8502
6033
6660
1473
6633
927
7623
7022
3853
8887
7838
2518
5703
8922
5820
487
8020
6346
4997
169
5109
2603
2775
9154
4464
662
2079
9577
6148
3756
6653
7704
5145
6109
2618
3674
8522
9064
520
3664
8716
3114
8932
2015
361
2065
8885
1595
4979
9002
8408
5599
9096
8495
3068
9422
8094
4181
5037
3511
3788
6566
6752
7417
917
1783
8412
1040
8045
5217
2792
2060
4755
684
1850
9075
1823
4413
6701
5510
790
5812
9099
7531
605
7622
5359
2401
9300
5214
4331
3330
7111
3656
2012
6557
2547
2951
9506
7612
6943
5683
2829
1817
3601
8724
8584
6992
1510
4481
576
7221
5781
5081
3450
6943
6188
7539
4010
1459
3659
2591
1123
7715
7156
9149
6953
5144
6854
5206
3993
2142
2594
5818
7062
1045
4026
7506
3084
7905
891
1607
6866
7566
3117
6034
3619
9233
4357
7374
8620
5543
4276
4756
4121
1440
5133
307
276
6022
6611
1507
3276
1744
6440
1152
6916
2261
9156
4118
6156
9064
2550
3638
3544
3352
4772
116
4238
3090
6094
7789
8432
5158
883
8880
9744
641
2807
7310
86
477
4378
2225
1088
744
3456
1583
9008
6250
5404
7436
7945
4508
6932
5944
392
3263
6921
9077
6650
7929
5962
4345
3715
3379
7572
316
4144
8401
7570
2008
3826
5783
1134
5099
3985
4385
756
4997
4062
5140
2508
9197
4182
5264
6438
5829
3510
9619
2222
8878
3348
8082
6724
4041
860
9154
6697
9619
8662
107
3408
6996
4574
6631
510
1811
325
4740
7104
3662
9246
7502
2897
64
2179
6955
9124
2749
5837
9559
1436
2016
8449
1355
5959
1937
8319
516
4015
7186
6696
6230
8089
1547
4015
4833
6126
7493
6229
693
4122
5663
9709
18
3396
7397
8385
9519
6791
4698
4854
4714
4939
6392
1093
8615
9630
6556
3284
8424
6207
4278
5875
6950
9135
5316
6044
8724
1947
9035
3140
2938
447
155
853
1239
8900
9140
5387
879
2127
7142
6534
7103
4893
9254
3236
324
1625
622
9091
7240
8406
6613
7277
3874
4840
847
3265
1432
617
4196
3456
6688
9685
7904
6404
4760
4132
9766
8402
4130
8594
5884
9784
4936
5201
3968
2947
1556
3096
6974
770
829
6839
936
7787
2814
3860
9576
4657
3200
1178
4128
8271
7361
5887
7793
668
952
4093
3086
7534
5670
9682
9226
195
7119
9736
2729
9741
4250
2007
6840
4007
9178
2234
2550
1665
3464
6108
2296
2316
4348
3078
406
8139
6846
7497
430
5345
3129
8915
6920
6036
7476
9621
1635
7077
9202
2718
4549
7638
2520
1112
5175
3301
9664
356
1041
9212
9941
8556
671
5079
2886
7029
990
3850
5489
8390
2626
1263
7020
8103
9161
8149
9956
1207
6748
7392
5370
4661
4854
7335
8130
5239
3192
131
8638
7198
9377
4234
2544
4649
470
3359
6577
1204
8153
4620
7455
4695
2094
3525
4661
6970
8013
642
9036
9074
8880
1410
4549
7062
2669
5387
8257
3799
3114
3718
5310
3464
3708
7412
938
8790
1854
3800
1942
9344
8104
1797
300
2605
5196
8094
8871
468
1904
859
6480
2613
9722
6073
3078
6040
4018
2755
4290
3119
4678
3897
6660
6563
7707
8656
7193
1091
4972
2588
7214
5157
8107
2987
5896
9176
7165
8388
9584
6273
6470
9711
1987
8635
3573
4197
7781
8157
4181
6064
9185
1894
5518
3357
1982
525
8625
6235
6238
2749
7844
6427
5070
9928
5150
2676
814
9238
2909
5880
3206
2135
4295
4261
7716
6804
3527
3781
6928
4327
3043
5740
2780
2288
8751
7611
604
4332
5700
9910
2041
9557
7213
5183
3197
8630
5593
309
6551
9757
1332
7654
7503
8298
3372
5065
1294
3809
342
8486
5937
5263
8504
6098
6976
83
4198
7431
6693
9191
1871
1485
8862
742
5346
9933
3859
5745
1816
1622
5190
9881
775
4164
7506
4263
5824
3042
7224
2448
5591
8888
1029
9669
9025
3127
2826
7408
6980
8000
7918
1255
5933
712
763
5801
5046
1548
9641
3778
3772
2515
7710
506
3632
1771
6281
4715
6892
1397
2779
1766
3897
5064
6263
7252
4366
3065
2816
6626
6007
1717
6550
6744
8023
8359
6946
8813
7355
3982
3567
4113
5342
4449
617
7703
1251
7330
9180
4163
9727
7457
8284
2269
7365
7939
127
249
7717
8778
8556
5284
9768
7871
1528
9921
4176
8129
8907
1605
9001
6496
5580
7489
9350
7373
5786
3318
810
9004
6340
1912
7495
4167
8102
8075
463
729
2037
2731
9038
8220
4426
564
8305
55
6372
9466
2852
8671
3880
2553
9869
5540
5543
7219
5649
2809
607
8361
852
866
724
2418
2314
3306
9443
5147
6344
9667
4896
3930
774
7481
3779
4962
1406
5736
2160
324
2353
7625
8417
4874
1063
1056
591
3423
9138
202
1948
7742
3812
984
9387
7927
9095
2531
1516
5315
9150
7687
1679
7722
9315
599
175
5811
1013
6801
3923
9002
8963
9589
6216
5428
2849
3299
6055
1185
5141
8997
485
6849
1549
5638
4584
9452
4269
1079
7431
7835
8575
2498
9299
494
9978
9246
5215
7694
4632
538
2263
9757
3498
862
3657
4628
8530
8578
6736
7359
3107
2169
4032
5087
9570
6335
1596
9809
9685
2043
9184
8105
6144
1412
476
5796
5760
4127
8575
9572
1353
2982
3261
8160
7410
6199
9050
9315
2675
4888
8827
4554
4458
9609
562
3958
4900
7779
3057
6538
9778
3613
256
215
4920
977
2992
4822
3872
7293
5400
7256
8609
274
7755
1659
5624
9516
2681
8393
3470
4848
2786
6325
8843
4423
8235
9555
5187
8129
7898
5508
5171
2429
8124
7699
8501
6114
8713
1553
2342
5432
815
6669
825
8698
34
4523
527
9249
2139
1960
1457
6706
1377
5150
4006
7047
9129
915
2449
6738
652
6162
3176
9851
5516
2240
1578
7274
8303
4173
5025
9481
1377
5235
2468
8103
9607
3692
501
8714
4756
3327
639
4603
6503
2935
8502
6960
5008
9940
4611
6507
5398
1959
2479
2925
7919
1895
4545
1188
4793
5273
1265
2572
2994
9839
3900
4103
811
6528
9895
3647
1827
6863
9640
8843
6286
5847
6640
4968
2259
8515
7061
241
350
7312
3166
4315
4520
890
7729
3600
8135
9847
2489
678
3289
4680
973
5029
8714
76
1230
6755
9246
4892
6955
9182
8332
6215
7695
6803
1030
4890
5907
8545
3685
4691
5107
5197
8418
9284
681
6864
2323
3179
2647
4172
8697
1730
6192
3768
8083
6225
6918
9155
9419
231
796
52
1442
2473
3432
4950
1522
7473
9475
6260
6777
1035
3107
2333
4098
4341
9745
6017
9695
7190
3154
6521
6321
1055
2054
9484
8063
6192
3023
351
2558
9038
6859
4033
9225
156
3794
3887
5765
7218
9718
1037
9384
6678
9030
494
8996
3132
1600
5825
5095
7120
9995
7919
9881
5014
5165
8541
1349
6423
6443
7714
3238
2223
1537
9645
7071
2730
4116
8513
4867
1622
4377
810
5001
6160
1588
4020
4210
933
8959
8048
1913
7210
9831
3895
7263
7307
1145
725
4786
4583
7495
3273
1639
4179
6874
4962
3500
4913
8173
2251
769
1605
9625
1320
152
3877
7421
5832
4976
3961
3026
3472
7237
1837
7721
614
8744
2702
3862
7577
6433
3462
601
624
4958
1320
7105
6494
3526
791
8055
7689
8682
828
4424
3649
491
1717
3917
9626
5801
4729
5134
9031
2472
4466
215
7128
2185
7407
509
7627
6816
2351
3487
7857
3763
204
1177
5164
8503
8705
6595
3359
3888
175
7889
667
3678
9751
113
8517
8319
6126
4569
1167
7328
6368
2653
3384
491
7800
9751
8437
6593
7965
2743
5675
7444
4620
1074
5905
9826
8653
9404
9960
2254
8040
2276
1079
8229
4744
4297
7068
1694
8856
9433
2246
163
6561
7511
1295
6991
1571
266
4554
8752
303
4918
8984
1919
4852
4290
6775
6474
7072
2308
9721
3687
3659
4672
7876
9369
9561
558
2700
4699
7392
3423
9757
5998
6329
1944
4823
2942
4980
9368
3173
4271
5714
2215
2930
8036
1528
6466
3692
5396
4670
1801
9442
7327
9273
878
4608
9500
6177
1563
4916
862
1440
2338
4824
775
9582
1141
7973
855
4306
765
5279
1050
6320
8961
861
1901
6311
9889
8059
2177
1152
8318
6567
5611
4577
7385
111
3136
6663
1617
3886
6514
9375
9326
9501
5297
4788
6687
8192
8109
2892
9546
6391
966
3719
3919
8815
8455
7263
7597
2383
9239
9121
7294
2928
7618
8094
8671
8148
8965
2173
4882
8525
7270
3690
1531
6965
6718
5431
5295
6897
8241
5038
8171
2567
4238
7034
4841
5863
8210
1410
3259
1520
1597
4843
3067
5249
180
8893
7599
2503
1109
3144
9706
1608
749
3166
5057
155
1241
655
2738
5272
5085
6048
7021
7596
1898
1534
4444
1445
8851
6608
8376
4065
1208
2833
4652
2655
1186
4496
4187
7069
2736
3120
1111
282
176
8324
8693
6152
2869
5083
9724
3344
6476
6740
9920
1576
5406
2749
6350
2722
5559
1599
9923
2572
2260
8011
7586
804
2179
3175
7396
9544
2701
7805
8820
4792
7511
4650
5224
733
4071
8106
9378
3081
6102
1096
9732
921
4629
1977
7757
280
3500
5261
1661
4013
1808
6779
1809
9653
6283
774
5255
1964
5605
3010
8024
9489
9392
9147
5591
2311
8412
488
7732
6947
8939
7135
5296
8591
4887
3543
5987
3853
3948
550
7578
1649
9795
1755
6613
5760
1706
2594
6711
1342
3678
8212
5473
587
7877
7353
9324
324
9618
34
2262
2460
8124
4408
9251
9760
7550
4172
1868
7470
9353
5110
8377
4495
5616
8150
5812
9853
8225
8863
4282
4922
4296
2784
3054
1622
6119
3345
9898
9733
9159
6446
4246
1913
8520
2610
6092
9716
7624
9837
6966
4740
9273
5456
8095
7283
6100
8831
1253
7321
9147
1918
5075
1887
7005
8648
9260
244
6703
3660
4672
6885
3346
7881
2487
9089
4022
8570
2711
6208
8563
7890
1477
3314
5671
6357
3266
5279
1426
4057
9568
4756
3158
8939
4643
5603
2900
1693
3492
9356
4675
2515
5065
2722
6509
3981
440
9038
1971
2691
2143
2536
3808
9817
6553
8595
810
7098
13
8947
1274
9548
5627
6265
1339
5511
7691
3923
3073
8521
1413
1656
5753
8179
160
2580
4999
1318
9303
5652
2197
6930
5148
6593
401
6287
6382
2121
8047
7839
5768
9655
9354
2158
6230
5282
8288
724
8125
9444
7580
3805
7359
8350
7709
678
9202
8802
5619
7832
5002
257
6242
3578
3836
8291
15
978
3841
3234
3576
4175
5188
595
121
5496
3418
6263
5490
4383
4888
1500
7976
2233
8897
725
7569
8090
8838
2869
9109
7838
4816
911
5259
6853
2975
6579
8036
3615
9066
1473
6420
7020
5723
5673
8175
2934
648
7587
6578
4052
2282
4256
9830
94
3325
6930
3110
6135
3071
8277
6106
7680
5316
9367
5613
3175
5997
1249
982
8161
7368
6116
5468
6706
609
5560
6161
4983
6044
850
9309
1809
8982
1715
5224
4990
1049
987
9055
6373
773
8618
8723
8075
3614
980
7561
7823
9093
1063
622
384
6952
5546
786
6273
4362
6931
885
1792
2707
9325
1454
8242
54
4645
8416
9794
3617
3623
5233
4613
9418
4036
6026
5492
1715
6502
2316
377
2902
7413
3658
7593
5436
1486
9986
3202
3812
4128
4794
5819
1344
7106
4762
5588
2866
8903
2714
3857
1843
6126
6086
1342
5710
1268
9875
3242
746
2980
3441
8241
543
7582
2358
6516
9034
879
8539
2256
8751
5122
5847
6741
5578
3535
997
1024
9776
6105
286
1642
8709
1422
3541
8472
9459
2504
1940
4999
9840
4315
8276
4930
9055
3339
4763
1373
4304
54
230
5307
4413
3031
7391
6536
1731
8752
8090
3770
9637
406
5279
7862
4092
5153
5684
6049
6388
4038
8569
398
6107
5708
4476
2620
7195
2134
8303
9333
9538
566
8491
3569
2552
485
2660
5317
1282
8867
2852
1808
4731
340
4573
251
1554
7062
2716
741
2220
2477
552
3875
9823
6996
1044
2325
611
2017
2983
7968
7376
3000
9813
6690
9242
1022
4317
8601
9769
1211
9266
3406
4421
1905
2936
1846
9367
1415
3921
3139
8310
6667
3622
2788
9544
3093
8130
5467
4744
6991
9153
8617
467
1375
483
7195
8844
1783
4324
6713
4132
2275
315
1724
6720
4450
1277
8798
658
9114
6862
9179
5045
4137
5422
1944
8588
2578
5312
4738
5041
8127
7996
3743
2093
6213
8020
6268
8535
7699
9569
882
3081
8854
1034
2961
5941
8924
5007
9000
5777
6653
6204
7435
7901
8272
4996
8031
376
2569
6405
3452
9479
4836
5834
6048
7492
5006
5179
3774
6545
1412
7458
2201
3194
5717
7697
9699
3328
4695
689
5098
2232
736
9360
3918
3206
1675
7588
8913
4285
1230
6036
1605
96
9238
2797
3186
3395
4155
4298
2147
468
7818
6626
9161
6954
4295
8145
891
5882
8462
1914
8108
2840
1243
2936
2658
7578
4179
3825
8619
995
8960
2536
117
7995
9230
9489
4955
3632
8200
9036
3353
2859
2277
8621
3354
6957
1484
1763
3872
5321
2864
3077
3135
9499
5195
4399
695
1218
5118
1884
6298
9915
6037
1823
9395
935
4246
4640
9061
6329
8366
5904
8610
5528
6021
3744
4189
2490
6268
9063
9352
2871
1528
7860
5741
1215
7253
6601
1181
6464
1186
8335
8526
2913
7919
2821
6023
4886
9958
8180
7062
5579
1392
9115
8856
4793
7283
5647
1459
6993
5991
525
7229
4302
2105
5176
8033
2017
3511
7402
6634
2900
4034
1815
7093
5566
224
8390
5363
4054
316
2067
3401
7128
9684
366
4337
6433
4010
6653
931
516
1019
8869
126
7363
7129
3282
8395
9975
4676
6654
2834
485
9635
3611
7504
929
6018
3521
533
2533
411
6630
1205
8448
5764
2490
3072
7606
6102
5943
9243
1954
1045
9032
8611
8012
8315
9498
4403
1220
7517
6997
4856
7841
6432
6288
1075
6083
6137
1688
7791
4193
7147
4051
9333
8105
9688
3833
5750
1849
5005
9823
7296
7560
9828
2223
7424
9588
7585
5331
7206
9351
2897
7326
1422
6201
2917
5393
7315
9300
